-1 5.47555 2.55E-07
-1 5.47555 4.25E-07
-1 5.68841 7.08E-07
-1 6.502302 1.57E-06
-1 6.836688 2.02E-06
-1 6.951928 2.68E-06
-1 7.37083 3.09E-06
-1 8.567406 4.10E-06
-1 10.04188 5.15E-06
-1 11.67214 6.11E-06
-1 13.12101 7.88E-06
-1 13.91156 1.02E-05
-1 14.62697 1.56E-05
-1 15.12423 2.13E-05
-1 16.17005 3.86E-05
-1 17.28819 6.25E-05
-1 19.59729 8.29E-05
-1 18.32981 0.000104
-1 23.35721 0.000183
-1 26.92322 0.000468
-0.5 4.464037 1.96E-06
-0.5 5.060276 2.33E-06
-0.5 5.832842 2.76E-06
-0.5 7.069111 3.88E-06
-0.5 8.567406 5.01E-06
-0.5 9.007991 5.61E-06
-0.5 9.471233 7.66E-06
-0.5 10.04188 9.61E-06
-0.5 10.47041 1.47E-05
-0.5 10.91723 1.95E-05
-0.5 11.47866 2.90E-05
-0.5 12.37539 3.75E-05
-0.5 13.34218 5.74E-05
-0.5 14.62697 0.000101
-0.5 16.03547 0.000117
-0.5 14.99835 0.000178
-0.5 17.72715 0.000211
0 3.276623 5.48E-07
0 3.331854 8.63E-07
0 3.416452 9.94E-07
0 3.503197 1.25E-06
0 3.592145 1.70E-06
0 3.714266 2.02E-06
0 3.872771 2.53E-06
0 4.175319 3.09E-06
0 4.934975 4.10E-06
0 5.501383 5.15E-06
0 6.031138 6.11E-06
0 6.184272 8.11E-06
0 6.894067 1.02E-05
0 7.128441 1.60E-05
0 8.013297 2.59E-05
0 8.080552 2.82E-05
0 8.425387 4.08E-05
0 9.236709 5.74E-05
0 9.236709 6.80E-05
0 10.38327 9.83E-05
0 11.38312 0.000178
0 11.96851 0.000205
0 13.011181 0.000362
0.1 2.890547 7.93E-07
0.1 2.939271 1.18E-06
0.1 3.039195 1.80E-06
0.1 3.249352 1.96E-06
0.1 3.359818 2.46E-06
0.1 3.776874 3.00E-06
0.1 4.106106 3.88E-06
0.1 4.464037 4.87E-06
0.1 5.320504 6.11E-06
0.1 5.980941 7.66E-06
0.1 6.081757 1.02E-05
0.1 6.502302 1.60E-05
0.1 6.836688 2.07E-05
0.1 7.128441 3.07E-05
0.1 7.557931 3.97E-05
0.1 8.013927 6.25E-05
0.1 8.285721 8.29E-05
0.1 8.858668 0.00101
0.1 9.159831 0.00012
0.1 9.793222 0.000183
0.1 10.73626 0.000205
0.1 11.575 0.000306
0.3 2.249506 1.02E-06
0.3 2.365188 1.66E-06
0.3 2.549961 1.91E-06
0.3 2.963939 2.33E-06
0.3 3.47404 3.09E-06
0.3 3.808573 3.88E-06
0.3 3.938051 5.30E-06
0.3 4.245699 4.87E-06
0.3 4.772719 5.93E-06
0.3 5.01816 7.88E-06
0.3 4.812776 5.93E-06
0.3 5.01816 7.66E-06
0.3 5.931161 2.52E-05
0.3 6.184272 4.08E-05
0.3 6.502302 5.12E-05
0.3 7.432645 1.01E-04
0.3 8.013297 0.000117
0.3 9.007991 0.000183
0.3 9.314231 0.000194
0.5 2.230783 1.75E-06
0.5 2.345503 1.96E-06
0.5 2.681095 2.46E-06
0.5 2.963939 3.00E-06
0.5 3.562248 4.10E-06
0.5 4.071931 5.93E-06
0.5 4.426883 7.88E-06
0.5 4.615798 1.02E-05
0.5 4.893901 1.51E-05
0.5 5.102746 2.01E-05
0.5 5.365159 3.07E-05
0.5 6.081757 5.74E-05
0.5 6.556875 1.04E-04